# TMA Child Script

###############################
# test step: raw text command #
###############################

#--
lcfg hlc all  0 0 0 0 0 0 0 0 0 0 0 0 0 0 0 0 0 0 0 0 0 0 0 0 0 0 0 0 0 0 0 0 0 0 0 0 0 0 0 0 0 0 0 0 0 0 0 0 0 0 0 0 0 0 0 0 0 0 0 0 0 0 0 0 0 0 0 0 0 0 0 0 0 0 0 0 0 0 0 0 0 0 0 0 0 0 0 0 0 0 0 0 0 0 0 0 0 0 0 0 0 0 0 0 0 0 0 0 0 0 0 0 0 0 0 0 0 0 0 0 0 0 0 0 0 0 0 0
#--

###############################
# test step: raw text command #
###############################

#--
SHELL ("..\HSDL\socket_log.exe" 192.168.10.70 25700 -f "..\HSDL\TMP-SA.dat") 1
#--

###############################
# test step: raw text command #
###############################

#--
lcfg hlc all  0 0 0x00000010 0 0x00080040 0 0x00000010 0x08001100 0 0 0 0 0 0 0 0 0 0 0 0x00001C40 0 0 0 0 0 0 0 0 0 0 0 0 0x03800004 0 0 0 0 0 0 0 0 0 0 0 0 0 0 0 0 0 0 0 0 0 0 0 0 0 0 0 0 0x0000000B 0x08640000 0 0 0x00000008 0x0000001F 0x00000003 0 0 0x00000001 0 0 0x00000140 0x00000039 0x00000028 0x00007DC7 0 0x00000001 0 0 0 0 0 0 0 0 0 0 0 0 0 0 0 0 0 0 0 0 0 0 0 0 0 0 0 0 0 0 0 0 0 0 0 0 0 0 0 0 0 0 0 0 0 0 0 0 0
#--

###############################
# test step: raw text command #
###############################

#--
ladd hlc all  0 0 0 0 0x00080000 0 0 0 0 0 0 0 0 0 0 0 0 0 0 0 0 0 0 0 0 0 0 0 0 0 0 0 0 0 0 0 0 0 0 0x00000002 0 0 0 0 0 0 0 0 0 0 0 0 0 0 0 0 0 0 0 0 0 0 0 0 0 0 0 0 0 0 0 0 0 0 0 0 0 0 0 0 0 0 0 0 0 0 0 0 0 0 0 0 0 0 0 0 0 0 0 0 0 0 0 0 0 0 0 0 0 0 0 0 0 0 0 0 0 0 0 0 0 0 0 0 0 0 0 0
#--

###############################
# test step: raw text command #
###############################

#--
SHELL ("..\HSDL\socket_log.exe" 192.168.10.70 25700 -s 20 -w 100 -f "..\HSDL\DSP-SA.dat") 0
#--

